frame left_handpalm left_thumb_tip left_index_tip left_middle_tip left_ring_tip left_pinky_tip left_thumb_joint left_index_joint left_middle_joint left_ring_joint left_pinky_joint right_handpalm right_thumb_tip right_index_tip right_middle_tip right_ring_tip right_pinky_tip right_thumb_joint right_index_joint right_middle_joint right_ring_joint right_pinky_joint 
0 -0.2067605 1.404077 0.3541611 -0.2840627 1.501441 0.3319924 -0.2686827 1.539273 0.4189665 -0.2404799 1.548141 0.4356399 -0.2063852 1.539279 0.4407057 -0.1783541 1.513175 0.4327444 -0.2685048 1.475138 0.3333828 -0.2567672 1.500112 0.4013329 -0.2333843 1.502941 0.4129913 -0.2067015 1.494184 0.4157598 -0.1834444 1.480826 0.4114631 0.2840628 1.501441 0.3319925 0.2686827 1.539273 0.4189663 0.2404801 1.548141 0.4356403 0.2063853 1.539279 0.4407058 0.178354 1.513174 0.4327441 0.2685049 1.475138 0.3333828 0.2567672 1.500112 0.4013328 0.2333844 1.502941 0.4129913 0.2067016 1.494184 0.4157597 0.1834445 1.480826 0.411463
1 -0.2067605 1.404077 0.3541611 -0.2840627 1.501441 0.3319924 -0.2686827 1.539273 0.4189665 -0.2404799 1.548141 0.4356399 -0.2063852 1.539279 0.4407057 -0.1783541 1.513175 0.4327444 -0.2685048 1.475138 0.3333828 -0.2567672 1.500112 0.4013329 -0.2333843 1.502941 0.4129913 -0.2067015 1.494184 0.4157598 -0.1834444 1.480826 0.4114631 0.2840628 1.501441 0.3319925 0.2686827 1.539273 0.4189663 0.2404801 1.548141 0.4356403 0.2063853 1.539279 0.4407058 0.178354 1.513174 0.4327441 0.2685049 1.475138 0.3333828 0.2567672 1.500112 0.4013328 0.2333844 1.502941 0.4129913 0.2067016 1.494184 0.4157597 0.1834445 1.480826 0.411463
2 -0.2067605 1.404077 0.3541611 -0.2840627 1.501441 0.3319924 -0.2686827 1.539273 0.4189665 -0.2404799 1.548141 0.4356399 -0.2063852 1.539279 0.4407057 -0.1783541 1.513175 0.4327444 -0.2685048 1.475138 0.3333828 -0.2567672 1.500112 0.4013329 -0.2333843 1.502941 0.4129913 -0.2067015 1.494184 0.4157598 -0.1834444 1.480826 0.4114631 0.2840628 1.501441 0.3319925 0.2686827 1.539273 0.4189663 0.2404801 1.548141 0.4356403 0.2063853 1.539279 0.4407058 0.178354 1.513174 0.4327441 0.2685049 1.475138 0.3333828 0.2567672 1.500112 0.4013328 0.2333844 1.502941 0.4129913 0.2067016 1.494184 0.4157597 0.1834445 1.480826 0.411463
3 -0.2067605 1.404077 0.3541611 -0.2840627 1.501441 0.3319924 -0.2686827 1.539273 0.4189665 -0.2404799 1.548141 0.4356399 -0.2063852 1.539279 0.4407057 -0.1783541 1.513175 0.4327444 -0.2685048 1.475138 0.3333828 -0.2567672 1.500112 0.4013329 -0.2333843 1.502941 0.4129913 -0.2067015 1.494184 0.4157598 -0.1834444 1.480826 0.4114631 0.2840628 1.501441 0.3319925 0.2686827 1.539273 0.4189663 0.2404801 1.548141 0.4356403 0.2063853 1.539279 0.4407058 0.178354 1.513174 0.4327441 0.2685049 1.475138 0.3333828 0.2567672 1.500112 0.4013328 0.2333844 1.502941 0.4129913 0.2067016 1.494184 0.4157597 0.1834445 1.480826 0.411463
4 -0.2067605 1.404077 0.3541611 -0.2840627 1.501441 0.3319924 -0.2686827 1.539273 0.4189665 -0.2404799 1.548141 0.4356399 -0.2063852 1.539279 0.4407057 -0.1783541 1.513175 0.4327444 -0.2685048 1.475138 0.3333828 -0.2567672 1.500112 0.4013329 -0.2333843 1.502941 0.4129913 -0.2067015 1.494184 0.4157598 -0.1834444 1.480826 0.4114631 0.2840628 1.501441 0.3319925 0.2686827 1.539273 0.4189663 0.2404801 1.548141 0.4356403 0.2063853 1.539279 0.4407058 0.178354 1.513174 0.4327441 0.2685049 1.475138 0.3333828 0.2567672 1.500112 0.4013328 0.2333844 1.502941 0.4129913 0.2067016 1.494184 0.4157597 0.1834445 1.480826 0.411463
5 -0.2067605 1.404077 0.3541611 -0.2840627 1.501441 0.3319924 -0.2686827 1.539273 0.4189665 -0.2404799 1.548141 0.4356399 -0.2063852 1.539279 0.4407057 -0.1783541 1.513175 0.4327444 -0.2685048 1.475138 0.3333828 -0.2567672 1.500112 0.4013329 -0.2333843 1.502941 0.4129913 -0.2067015 1.494184 0.4157598 -0.1834444 1.480826 0.4114631 0.2840628 1.501441 0.3319925 0.2686827 1.539273 0.4189663 0.2404801 1.548141 0.4356403 0.2063853 1.539279 0.4407058 0.178354 1.513174 0.4327441 0.2685049 1.475138 0.3333828 0.2567672 1.500112 0.4013328 0.2333844 1.502941 0.4129913 0.2067016 1.494184 0.4157597 0.1834445 1.480826 0.411463
6 -0.2067605 1.404077 0.3541611 -0.2840627 1.501441 0.3319924 -0.2686827 1.539273 0.4189665 -0.2404799 1.548141 0.4356399 -0.2063852 1.539279 0.4407057 -0.1783541 1.513175 0.4327444 -0.2685048 1.475138 0.3333828 -0.2567672 1.500112 0.4013329 -0.2333843 1.502941 0.4129913 -0.2067015 1.494184 0.4157598 -0.1834444 1.480826 0.4114631 0.2840628 1.501441 0.3319925 0.2686827 1.539273 0.4189663 0.2404801 1.548141 0.4356403 0.2063853 1.539279 0.4407058 0.178354 1.513174 0.4327441 0.2685049 1.475138 0.3333828 0.2567672 1.500112 0.4013328 0.2333844 1.502941 0.4129913 0.2067016 1.494184 0.4157597 0.1834445 1.480826 0.411463
7 -0.2067605 1.404077 0.3541611 -0.2840627 1.501441 0.3319924 -0.2686827 1.539273 0.4189665 -0.2404799 1.548141 0.4356399 -0.2063852 1.539279 0.4407057 -0.1783541 1.513175 0.4327444 -0.2685048 1.475138 0.3333828 -0.2567672 1.500112 0.4013329 -0.2333843 1.502941 0.4129913 -0.2067015 1.494184 0.4157598 -0.1834444 1.480826 0.4114631 0.2840628 1.501441 0.3319925 0.2686827 1.539273 0.4189663 0.2404801 1.548141 0.4356403 0.2063853 1.539279 0.4407058 0.178354 1.513174 0.4327441 0.2685049 1.475138 0.3333828 0.2567672 1.500112 0.4013328 0.2333844 1.502941 0.4129913 0.2067016 1.494184 0.4157597 0.1834445 1.480826 0.411463
8 -0.2067605 1.404077 0.3541611 -0.2840627 1.501441 0.3319924 -0.2686827 1.539273 0.4189665 -0.2404799 1.548141 0.4356399 -0.2063852 1.539279 0.4407057 -0.1783541 1.513175 0.4327444 -0.2685048 1.475138 0.3333828 -0.2567672 1.500112 0.4013329 -0.2333843 1.502941 0.4129913 -0.2067015 1.494184 0.4157598 -0.1834444 1.480826 0.4114631 0.2840628 1.501441 0.3319925 0.2686827 1.539273 0.4189663 0.2404801 1.548141 0.4356403 0.2063853 1.539279 0.4407058 0.178354 1.513174 0.4327441 0.2685049 1.475138 0.3333828 0.2567672 1.500112 0.4013328 0.2333844 1.502941 0.4129913 0.2067016 1.494184 0.4157597 0.1834445 1.480826 0.411463
9 -0.2067605 1.404077 0.3541611 -0.2840627 1.501441 0.3319924 -0.2686827 1.539273 0.4189665 -0.2404799 1.548141 0.4356399 -0.2063852 1.539279 0.4407057 -0.1783541 1.513175 0.4327444 -0.2685048 1.475138 0.3333828 -0.2567672 1.500112 0.4013329 -0.2333843 1.502941 0.4129913 -0.2067015 1.494184 0.4157598 -0.1834444 1.480826 0.4114631 0.2840628 1.501441 0.3319925 0.2686827 1.539273 0.4189663 0.2404801 1.548141 0.4356403 0.2063853 1.539279 0.4407058 0.178354 1.513174 0.4327441 0.2685049 1.475138 0.3333828 0.2567672 1.500112 0.4013328 0.2333844 1.502941 0.4129913 0.2067016 1.494184 0.4157597 0.1834445 1.480826 0.411463
10 -0.2067605 1.404077 0.3541611 -0.2840627 1.501441 0.3319924 -0.2686827 1.539273 0.4189665 -0.2404799 1.548141 0.4356399 -0.2063852 1.539279 0.4407057 -0.1783541 1.513175 0.4327444 -0.2685048 1.475138 0.3333828 -0.2567672 1.500112 0.4013329 -0.2333843 1.502941 0.4129913 -0.2067015 1.494184 0.4157598 -0.1834444 1.480826 0.4114631 0.2840628 1.501441 0.3319925 0.2686827 1.539273 0.4189663 0.2404801 1.548141 0.4356403 0.2063853 1.539279 0.4407058 0.178354 1.513174 0.4327441 0.2685049 1.475138 0.3333828 0.2567672 1.500112 0.4013328 0.2333844 1.502941 0.4129913 0.2067016 1.494184 0.4157597 0.1834445 1.480826 0.411463
11 -0.2067605 1.404077 0.3541611 -0.2840627 1.501441 0.3319924 -0.2686827 1.539273 0.4189665 -0.2404799 1.548141 0.4356399 -0.2063852 1.539279 0.4407057 -0.1783541 1.513175 0.4327444 -0.2685048 1.475138 0.3333828 -0.2567672 1.500112 0.4013329 -0.2333843 1.502941 0.4129913 -0.2067015 1.494184 0.4157598 -0.1834444 1.480826 0.4114631 0.2840628 1.501441 0.3319925 0.2686827 1.539273 0.4189663 0.2404801 1.548141 0.4356403 0.2063853 1.539279 0.4407058 0.178354 1.513174 0.4327441 0.2685049 1.475138 0.3333828 0.2567672 1.500112 0.4013328 0.2333844 1.502941 0.4129913 0.2067016 1.494184 0.4157597 0.1834445 1.480826 0.411463
12 -0.2067605 1.404077 0.3541611 -0.2840627 1.501441 0.3319924 -0.2686827 1.539273 0.4189665 -0.2404799 1.548141 0.4356399 -0.2063852 1.539279 0.4407057 -0.1783541 1.513175 0.4327444 -0.2685048 1.475138 0.3333828 -0.2567672 1.500112 0.4013329 -0.2333843 1.502941 0.4129913 -0.2067015 1.494184 0.4157598 -0.1834444 1.480826 0.4114631 0.2840628 1.501441 0.3319925 0.2686827 1.539273 0.4189663 0.2404801 1.548141 0.4356403 0.2063853 1.539279 0.4407058 0.178354 1.513174 0.4327441 0.2685049 1.475138 0.3333828 0.2567672 1.500112 0.4013328 0.2333844 1.502941 0.4129913 0.2067016 1.494184 0.4157597 0.1834445 1.480826 0.411463
13 -0.2067605 1.404077 0.3541611 -0.2840627 1.501441 0.3319924 -0.2686827 1.539273 0.4189665 -0.2404799 1.548141 0.4356399 -0.2063852 1.539279 0.4407057 -0.1783541 1.513175 0.4327444 -0.2685048 1.475138 0.3333828 -0.2567672 1.500112 0.4013329 -0.2333843 1.502941 0.4129913 -0.2067015 1.494184 0.4157598 -0.1834444 1.480826 0.4114631 0.2840628 1.501441 0.3319925 0.2686827 1.539273 0.4189663 0.2404801 1.548141 0.4356403 0.2063853 1.539279 0.4407058 0.178354 1.513174 0.4327441 0.2685049 1.475138 0.3333828 0.2567672 1.500112 0.4013328 0.2333844 1.502941 0.4129913 0.2067016 1.494184 0.4157597 0.1834445 1.480826 0.411463
14 -0.2067605 1.404077 0.3541611 -0.2840627 1.501441 0.3319924 -0.2686827 1.539273 0.4189665 -0.2404799 1.548141 0.4356399 -0.2063852 1.539279 0.4407057 -0.1783541 1.513175 0.4327444 -0.2685048 1.475138 0.3333828 -0.2567672 1.500112 0.4013329 -0.2333843 1.502941 0.4129913 -0.2067015 1.494184 0.4157598 -0.1834444 1.480826 0.4114631 0.2840628 1.501441 0.3319925 0.2686827 1.539273 0.4189663 0.2404801 1.548141 0.4356403 0.2063853 1.539279 0.4407058 0.178354 1.513174 0.4327441 0.2685049 1.475138 0.3333828 0.2567672 1.500112 0.4013328 0.2333844 1.502941 0.4129913 0.2067016 1.494184 0.4157597 0.1834445 1.480826 0.411463
15 -0.2067605 1.404077 0.3541611 -0.2840627 1.501441 0.3319924 -0.2686827 1.539273 0.4189665 -0.2404799 1.548141 0.4356399 -0.2063852 1.539279 0.4407057 -0.1783541 1.513175 0.4327444 -0.2685048 1.475138 0.3333828 -0.2567672 1.500112 0.4013329 -0.2333843 1.502941 0.4129913 -0.2067015 1.494184 0.4157598 -0.1834444 1.480826 0.4114631 0.2840628 1.501441 0.3319925 0.2686827 1.539273 0.4189663 0.2404801 1.548141 0.4356403 0.2063853 1.539279 0.4407058 0.178354 1.513174 0.4327441 0.2685049 1.475138 0.3333828 0.2567672 1.500112 0.4013328 0.2333844 1.502941 0.4129913 0.2067016 1.494184 0.4157597 0.1834445 1.480826 0.411463
16 -0.2067605 1.404077 0.3541611 -0.2840627 1.501441 0.3319924 -0.2686827 1.539273 0.4189665 -0.2404799 1.548141 0.4356399 -0.2063852 1.539279 0.4407057 -0.1783541 1.513175 0.4327444 -0.2685048 1.475138 0.3333828 -0.2567672 1.500112 0.4013329 -0.2333843 1.502941 0.4129913 -0.2067015 1.494184 0.4157598 -0.1834444 1.480826 0.4114631 0.2840628 1.501441 0.3319925 0.2686827 1.539273 0.4189663 0.2404801 1.548141 0.4356403 0.2063853 1.539279 0.4407058 0.178354 1.513174 0.4327441 0.2685049 1.475138 0.3333828 0.2567672 1.500112 0.4013328 0.2333844 1.502941 0.4129913 0.2067016 1.494184 0.4157597 0.1834445 1.480826 0.411463
17 -0.2067605 1.404077 0.3541611 -0.2840627 1.501441 0.3319924 -0.2686827 1.539273 0.4189665 -0.2404799 1.548141 0.4356399 -0.2063852 1.539279 0.4407057 -0.1783541 1.513175 0.4327444 -0.2685048 1.475138 0.3333828 -0.2567672 1.500112 0.4013329 -0.2333843 1.502941 0.4129913 -0.2067015 1.494184 0.4157598 -0.1834444 1.480826 0.4114631 0.2840628 1.501441 0.3319925 0.2686827 1.539273 0.4189663 0.2404801 1.548141 0.4356403 0.2063853 1.539279 0.4407058 0.178354 1.513174 0.4327441 0.2685049 1.475138 0.3333828 0.2567672 1.500112 0.4013328 0.2333844 1.502941 0.4129913 0.2067016 1.494184 0.4157597 0.1834445 1.480826 0.411463
18 -0.2067605 1.404077 0.3541611 -0.2840627 1.501441 0.3319924 -0.2686827 1.539273 0.4189665 -0.2404799 1.548141 0.4356399 -0.2063852 1.539279 0.4407057 -0.1783541 1.513175 0.4327444 -0.2685048 1.475138 0.3333828 -0.2567672 1.500112 0.4013329 -0.2333843 1.502941 0.4129913 -0.2067015 1.494184 0.4157598 -0.1834444 1.480826 0.4114631 0.2840628 1.501441 0.3319925 0.2686827 1.539273 0.4189663 0.2404801 1.548141 0.4356403 0.2063853 1.539279 0.4407058 0.178354 1.513174 0.4327441 0.2685049 1.475138 0.3333828 0.2567672 1.500112 0.4013328 0.2333844 1.502941 0.4129913 0.2067016 1.494184 0.4157597 0.1834445 1.480826 0.411463
19 -0.2067605 1.404077 0.3541611 -0.2840627 1.501441 0.3319924 -0.2686827 1.539273 0.4189665 -0.2404799 1.548141 0.4356399 -0.2063852 1.539279 0.4407057 -0.1783541 1.513175 0.4327444 -0.2685048 1.475138 0.3333828 -0.2567672 1.500112 0.4013329 -0.2333843 1.502941 0.4129913 -0.2067015 1.494184 0.4157598 -0.1834444 1.480826 0.4114631 0.2840628 1.501441 0.3319925 0.2686827 1.539273 0.4189663 0.2404801 1.548141 0.4356403 0.2063853 1.539279 0.4407058 0.178354 1.513174 0.4327441 0.2685049 1.475138 0.3333828 0.2567672 1.500112 0.4013328 0.2333844 1.502941 0.4129913 0.2067016 1.494184 0.4157597 0.1834445 1.480826 0.411463
20 -0.2067605 1.404077 0.3541611 -0.2840627 1.501441 0.3319924 -0.2686827 1.539273 0.4189665 -0.2404799 1.548141 0.4356399 -0.2063852 1.539279 0.4407057 -0.1783541 1.513175 0.4327444 -0.2685048 1.475138 0.3333828 -0.2567672 1.500112 0.4013329 -0.2333843 1.502941 0.4129913 -0.2067015 1.494184 0.4157598 -0.1834444 1.480826 0.4114631 0.2840628 1.501441 0.3319925 0.2686827 1.539273 0.4189663 0.2404801 1.548141 0.4356403 0.2063853 1.539279 0.4407058 0.178354 1.513174 0.4327441 0.2685049 1.475138 0.3333828 0.2567672 1.500112 0.4013328 0.2333844 1.502941 0.4129913 0.2067016 1.494184 0.4157597 0.1834445 1.480826 0.411463
21 -0.2067605 1.404077 0.3541611 -0.2840627 1.501441 0.3319924 -0.2686827 1.539273 0.4189665 -0.2404799 1.548141 0.4356399 -0.2063852 1.539279 0.4407057 -0.1783541 1.513175 0.4327444 -0.2685048 1.475138 0.3333828 -0.2567672 1.500112 0.4013329 -0.2333843 1.502941 0.4129913 -0.2067015 1.494184 0.4157598 -0.1834444 1.480826 0.4114631 0.2840628 1.501441 0.3319925 0.2686827 1.539273 0.4189663 0.2404801 1.548141 0.4356403 0.2063853 1.539279 0.4407058 0.178354 1.513174 0.4327441 0.2685049 1.475138 0.3333828 0.2567672 1.500112 0.4013328 0.2333844 1.502941 0.4129913 0.2067016 1.494184 0.4157597 0.1834445 1.480826 0.411463
22 -0.2067605 1.404077 0.3541611 -0.2840627 1.501441 0.3319924 -0.2686827 1.539273 0.4189665 -0.2404799 1.548141 0.4356399 -0.2063852 1.539279 0.4407057 -0.1783541 1.513175 0.4327444 -0.2685048 1.475138 0.3333828 -0.2567672 1.500112 0.4013329 -0.2333843 1.502941 0.4129913 -0.2067015 1.494184 0.4157598 -0.1834444 1.480826 0.4114631 0.2840628 1.501441 0.3319925 0.2686827 1.539273 0.4189663 0.2404801 1.548141 0.4356403 0.2063853 1.539279 0.4407058 0.178354 1.513174 0.4327441 0.2685049 1.475138 0.3333828 0.2567672 1.500112 0.4013328 0.2333844 1.502941 0.4129913 0.2067016 1.494184 0.4157597 0.1834445 1.480826 0.411463
23 -0.2067605 1.404077 0.3541611 -0.2840627 1.501441 0.3319924 -0.2686827 1.539273 0.4189665 -0.2404799 1.548141 0.4356399 -0.2063852 1.539279 0.4407057 -0.1783541 1.513175 0.4327444 -0.2685048 1.475138 0.3333828 -0.2567672 1.500112 0.4013329 -0.2333843 1.502941 0.4129913 -0.2067015 1.494184 0.4157598 -0.1834444 1.480826 0.4114631 0.2840628 1.501441 0.3319925 0.2686827 1.539273 0.4189663 0.2404801 1.548141 0.4356403 0.2063853 1.539279 0.4407058 0.178354 1.513174 0.4327441 0.2685049 1.475138 0.3333828 0.2567672 1.500112 0.4013328 0.2333844 1.502941 0.4129913 0.2067016 1.494184 0.4157597 0.1834445 1.480826 0.411463
24 -0.2067605 1.404077 0.3541611 -0.2840627 1.501441 0.3319924 -0.2686827 1.539273 0.4189665 -0.2404799 1.548141 0.4356399 -0.2063852 1.539279 0.4407057 -0.1783541 1.513175 0.4327444 -0.2685048 1.475138 0.3333828 -0.2567672 1.500112 0.4013329 -0.2333843 1.502941 0.4129913 -0.2067015 1.494184 0.4157598 -0.1834444 1.480826 0.4114631 0.2840628 1.501441 0.3319925 0.2686827 1.539273 0.4189663 0.2404801 1.548141 0.4356403 0.2063853 1.539279 0.4407058 0.178354 1.513174 0.4327441 0.2685049 1.475138 0.3333828 0.2567672 1.500112 0.4013328 0.2333844 1.502941 0.4129913 0.2067016 1.494184 0.4157597 0.1834445 1.480826 0.411463
25 -0.2067605 1.404077 0.3541611 -0.2840627 1.501441 0.3319924 -0.2686827 1.539273 0.4189665 -0.2404799 1.548141 0.4356399 -0.2063852 1.539279 0.4407057 -0.1783541 1.513175 0.4327444 -0.2685048 1.475138 0.3333828 -0.2567672 1.500112 0.4013329 -0.2333843 1.502941 0.4129913 -0.2067015 1.494184 0.4157598 -0.1834444 1.480826 0.4114631 0.2840628 1.501441 0.3319925 0.2686827 1.539273 0.4189663 0.2404801 1.548141 0.4356403 0.2063853 1.539279 0.4407058 0.178354 1.513174 0.4327441 0.2685049 1.475138 0.3333828 0.2567672 1.500112 0.4013328 0.2333844 1.502941 0.4129913 0.2067016 1.494184 0.4157597 0.1834445 1.480826 0.411463
26 -0.2067605 1.404077 0.3541611 -0.2840627 1.501441 0.3319924 -0.2686827 1.539273 0.4189665 -0.2404799 1.548141 0.4356399 -0.2063852 1.539279 0.4407057 -0.1783541 1.513175 0.4327444 -0.2685048 1.475138 0.3333828 -0.2567672 1.500112 0.4013329 -0.2333843 1.502941 0.4129913 -0.2067015 1.494184 0.4157598 -0.1834444 1.480826 0.4114631 0.2840628 1.501441 0.3319925 0.2686827 1.539273 0.4189663 0.2404801 1.548141 0.4356403 0.2063853 1.539279 0.4407058 0.178354 1.513174 0.4327441 0.2685049 1.475138 0.3333828 0.2567672 1.500112 0.4013328 0.2333844 1.502941 0.4129913 0.2067016 1.494184 0.4157597 0.1834445 1.480826 0.411463
27 -0.2067605 1.404077 0.3541611 -0.2840627 1.501441 0.3319924 -0.2686827 1.539273 0.4189665 -0.2404799 1.548141 0.4356399 -0.2063852 1.539279 0.4407057 -0.1783541 1.513175 0.4327444 -0.2685048 1.475138 0.3333828 -0.2567672 1.500112 0.4013329 -0.2333843 1.502941 0.4129913 -0.2067015 1.494184 0.4157598 -0.1834444 1.480826 0.4114631 0.2840628 1.501441 0.3319925 0.2686827 1.539273 0.4189663 0.2404801 1.548141 0.4356403 0.2063853 1.539279 0.4407058 0.178354 1.513174 0.4327441 0.2685049 1.475138 0.3333828 0.2567672 1.500112 0.4013328 0.2333844 1.502941 0.4129913 0.2067016 1.494184 0.4157597 0.1834445 1.480826 0.411463
28 -0.2067605 1.404077 0.3541611 -0.2840627 1.501441 0.3319924 -0.2686827 1.539273 0.4189665 -0.2404799 1.548141 0.4356399 -0.2063852 1.539279 0.4407057 -0.1783541 1.513175 0.4327444 -0.2685048 1.475138 0.3333828 -0.2567672 1.500112 0.4013329 -0.2333843 1.502941 0.4129913 -0.2067015 1.494184 0.4157598 -0.1834444 1.480826 0.4114631 0.2840628 1.501441 0.3319925 0.2686827 1.539273 0.4189663 0.2404801 1.548141 0.4356403 0.2063853 1.539279 0.4407058 0.178354 1.513174 0.4327441 0.2685049 1.475138 0.3333828 0.2567672 1.500112 0.4013328 0.2333844 1.502941 0.4129913 0.2067016 1.494184 0.4157597 0.1834445 1.480826 0.411463
29 -0.2067605 1.404077 0.3541611 -0.2840627 1.501441 0.3319924 -0.2686827 1.539273 0.4189665 -0.2404799 1.548141 0.4356399 -0.2063852 1.539279 0.4407057 -0.1783541 1.513175 0.4327444 -0.2685048 1.475138 0.3333828 -0.2567672 1.500112 0.4013329 -0.2333843 1.502941 0.4129913 -0.2067015 1.494184 0.4157598 -0.1834444 1.480826 0.4114631 0.2840628 1.501441 0.3319925 0.2686827 1.539273 0.4189663 0.2404801 1.548141 0.4356403 0.2063853 1.539279 0.4407058 0.178354 1.513174 0.4327441 0.2685049 1.475138 0.3333828 0.2567672 1.500112 0.4013328 0.2333844 1.502941 0.4129913 0.2067016 1.494184 0.4157597 0.1834445 1.480826 0.411463
30 -0.2067605 1.404077 0.3541611 -0.2840627 1.501441 0.3319924 -0.2686827 1.539273 0.4189665 -0.2404799 1.548141 0.4356399 -0.2063852 1.539279 0.4407057 -0.1783541 1.513175 0.4327444 -0.2685048 1.475138 0.3333828 -0.2567672 1.500112 0.4013329 -0.2333843 1.502941 0.4129913 -0.2067015 1.494184 0.4157598 -0.1834444 1.480826 0.4114631 0.2840628 1.501441 0.3319925 0.2686827 1.539273 0.4189663 0.2404801 1.548141 0.4356403 0.2063853 1.539279 0.4407058 0.178354 1.513174 0.4327441 0.2685049 1.475138 0.3333828 0.2567672 1.500112 0.4013328 0.2333844 1.502941 0.4129913 0.2067016 1.494184 0.4157597 0.1834445 1.480826 0.411463
31 -0.2067605 1.404077 0.3541611 -0.2840627 1.501441 0.3319924 -0.2686827 1.539273 0.4189665 -0.2404799 1.548141 0.4356399 -0.2063852 1.539279 0.4407057 -0.1783541 1.513175 0.4327444 -0.2685048 1.475138 0.3333828 -0.2567672 1.500112 0.4013329 -0.2333843 1.502941 0.4129913 -0.2067015 1.494184 0.4157598 -0.1834444 1.480826 0.4114631 0.2840628 1.501441 0.3319925 0.2686827 1.539273 0.4189663 0.2404801 1.548141 0.4356403 0.2063853 1.539279 0.4407058 0.178354 1.513174 0.4327441 0.2685049 1.475138 0.3333828 0.2567672 1.500112 0.4013328 0.2333844 1.502941 0.4129913 0.2067016 1.494184 0.4157597 0.1834445 1.480826 0.411463
32 -0.2067605 1.404077 0.3541611 -0.2840627 1.501441 0.3319924 -0.2686827 1.539273 0.4189665 -0.2404799 1.548141 0.4356399 -0.2063852 1.539279 0.4407057 -0.1783541 1.513175 0.4327444 -0.2685048 1.475138 0.3333828 -0.2567672 1.500112 0.4013329 -0.2333843 1.502941 0.4129913 -0.2067015 1.494184 0.4157598 -0.1834444 1.480826 0.4114631 0.2840628 1.501441 0.3319925 0.2686827 1.539273 0.4189663 0.2404801 1.548141 0.4356403 0.2063853 1.539279 0.4407058 0.178354 1.513174 0.4327441 0.2685049 1.475138 0.3333828 0.2567672 1.500112 0.4013328 0.2333844 1.502941 0.4129913 0.2067016 1.494184 0.4157597 0.1834445 1.480826 0.411463
33 -0.2067605 1.404077 0.3541611 -0.2840627 1.501441 0.3319924 -0.2686827 1.539273 0.4189665 -0.2404799 1.548141 0.4356399 -0.2063852 1.539279 0.4407057 -0.1783541 1.513175 0.4327444 -0.2685048 1.475138 0.3333828 -0.2567672 1.500112 0.4013329 -0.2333843 1.502941 0.4129913 -0.2067015 1.494184 0.4157598 -0.1834444 1.480826 0.4114631 0.2840628 1.501441 0.3319925 0.2686827 1.539273 0.4189663 0.2404801 1.548141 0.4356403 0.2063853 1.539279 0.4407058 0.178354 1.513174 0.4327441 0.2685049 1.475138 0.3333828 0.2567672 1.500112 0.4013328 0.2333844 1.502941 0.4129913 0.2067016 1.494184 0.4157597 0.1834445 1.480826 0.411463
34 -0.2067605 1.404077 0.3541611 -0.2840627 1.501441 0.3319924 -0.2686827 1.539273 0.4189665 -0.2404799 1.548141 0.4356399 -0.2063852 1.539279 0.4407057 -0.1783541 1.513175 0.4327444 -0.2685048 1.475138 0.3333828 -0.2567672 1.500112 0.4013329 -0.2333843 1.502941 0.4129913 -0.2067015 1.494184 0.4157598 -0.1834444 1.480826 0.4114631 0.2840628 1.501441 0.3319925 0.2686827 1.539273 0.4189663 0.2404801 1.548141 0.4356403 0.2063853 1.539279 0.4407058 0.178354 1.513174 0.4327441 0.2685049 1.475138 0.3333828 0.2567672 1.500112 0.4013328 0.2333844 1.502941 0.4129913 0.2067016 1.494184 0.4157597 0.1834445 1.480826 0.411463
35 -0.2067605 1.404077 0.3541611 -0.2840627 1.501441 0.3319924 -0.2686827 1.539273 0.4189665 -0.2404799 1.548141 0.4356399 -0.2063852 1.539279 0.4407057 -0.1783541 1.513175 0.4327444 -0.2685048 1.475138 0.3333828 -0.2567672 1.500112 0.4013329 -0.2333843 1.502941 0.4129913 -0.2067015 1.494184 0.4157598 -0.1834444 1.480826 0.4114631 0.2840628 1.501441 0.3319925 0.2686827 1.539273 0.4189663 0.2404801 1.548141 0.4356403 0.2063853 1.539279 0.4407058 0.178354 1.513174 0.4327441 0.2685049 1.475138 0.3333828 0.2567672 1.500112 0.4013328 0.2333844 1.502941 0.4129913 0.2067016 1.494184 0.4157597 0.1834445 1.480826 0.411463
36 -0.2067605 1.404077 0.3541611 -0.2840627 1.501441 0.3319924 -0.2686827 1.539273 0.4189665 -0.2404799 1.548141 0.4356399 -0.2063852 1.539279 0.4407057 -0.1783541 1.513175 0.4327444 -0.2685048 1.475138 0.3333828 -0.2567672 1.500112 0.4013329 -0.2333843 1.502941 0.4129913 -0.2067015 1.494184 0.4157598 -0.1834444 1.480826 0.4114631 0.2840628 1.501441 0.3319925 0.2686827 1.539273 0.4189663 0.2404801 1.548141 0.4356403 0.2063853 1.539279 0.4407058 0.178354 1.513174 0.4327441 0.2685049 1.475138 0.3333828 0.2567672 1.500112 0.4013328 0.2333844 1.502941 0.4129913 0.2067016 1.494184 0.4157597 0.1834445 1.480826 0.411463
37 -0.2067605 1.404077 0.3541611 -0.2840627 1.501441 0.3319924 -0.2686827 1.539273 0.4189665 -0.2404799 1.548141 0.4356399 -0.2063852 1.539279 0.4407057 -0.1783541 1.513175 0.4327444 -0.2685048 1.475138 0.3333828 -0.2567672 1.500112 0.4013329 -0.2333843 1.502941 0.4129913 -0.2067015 1.494184 0.4157598 -0.1834444 1.480826 0.4114631 0.2840628 1.501441 0.3319925 0.2686827 1.539273 0.4189663 0.2404801 1.548141 0.4356403 0.2063853 1.539279 0.4407058 0.178354 1.513174 0.4327441 0.2685049 1.475138 0.3333828 0.2567672 1.500112 0.4013328 0.2333844 1.502941 0.4129913 0.2067016 1.494184 0.4157597 0.1834445 1.480826 0.411463
38 -0.2067605 1.404077 0.3541611 -0.2840627 1.501441 0.3319924 -0.2686827 1.539273 0.4189665 -0.2404799 1.548141 0.4356399 -0.2063852 1.539279 0.4407057 -0.1783541 1.513175 0.4327444 -0.2685048 1.475138 0.3333828 -0.2567672 1.500112 0.4013329 -0.2333843 1.502941 0.4129913 -0.2067015 1.494184 0.4157598 -0.1834444 1.480826 0.4114631 0.2840628 1.501441 0.3319925 0.2686827 1.539273 0.4189663 0.2404801 1.548141 0.4356403 0.2063853 1.539279 0.4407058 0.178354 1.513174 0.4327441 0.2685049 1.475138 0.3333828 0.2567672 1.500112 0.4013328 0.2333844 1.502941 0.4129913 0.2067016 1.494184 0.4157597 0.1834445 1.480826 0.411463
39 -0.2067605 1.404077 0.3541611 -0.2840627 1.501441 0.3319924 -0.2686827 1.539273 0.4189665 -0.2404799 1.548141 0.4356399 -0.2063852 1.539279 0.4407057 -0.1783541 1.513175 0.4327444 -0.2685048 1.475138 0.3333828 -0.2567672 1.500112 0.4013329 -0.2333843 1.502941 0.4129913 -0.2067015 1.494184 0.4157598 -0.1834444 1.480826 0.4114631 0.2840628 1.501441 0.3319925 0.2686827 1.539273 0.4189663 0.2404801 1.548141 0.4356403 0.2063853 1.539279 0.4407058 0.178354 1.513174 0.4327441 0.2685049 1.475138 0.3333828 0.2567672 1.500112 0.4013328 0.2333844 1.502941 0.4129913 0.2067016 1.494184 0.4157597 0.1834445 1.480826 0.411463
40 -0.2067605 1.404077 0.3541611 -0.2840627 1.501441 0.3319924 -0.2686827 1.539273 0.4189665 -0.2404799 1.548141 0.4356399 -0.2063852 1.539279 0.4407057 -0.1783541 1.513175 0.4327444 -0.2685048 1.475138 0.3333828 -0.2567672 1.500112 0.4013329 -0.2333843 1.502941 0.4129913 -0.2067015 1.494184 0.4157598 -0.1834444 1.480826 0.4114631 0.2840628 1.501441 0.3319925 0.2686827 1.539273 0.4189663 0.2404801 1.548141 0.4356403 0.2063853 1.539279 0.4407058 0.178354 1.513174 0.4327441 0.2685049 1.475138 0.3333828 0.2567672 1.500112 0.4013328 0.2333844 1.502941 0.4129913 0.2067016 1.494184 0.4157597 0.1834445 1.480826 0.411463
41 -0.2067605 1.404077 0.3541611 -0.2840627 1.501441 0.3319924 -0.2686827 1.539273 0.4189665 -0.2404799 1.548141 0.4356399 -0.2063852 1.539279 0.4407057 -0.1783541 1.513175 0.4327444 -0.2685048 1.475138 0.3333828 -0.2567672 1.500112 0.4013329 -0.2333843 1.502941 0.4129913 -0.2067015 1.494184 0.4157598 -0.1834444 1.480826 0.4114631 0.2840628 1.501441 0.3319925 0.2686827 1.539273 0.4189663 0.2404801 1.548141 0.4356403 0.2063853 1.539279 0.4407058 0.178354 1.513174 0.4327441 0.2685049 1.475138 0.3333828 0.2567672 1.500112 0.4013328 0.2333844 1.502941 0.4129913 0.2067016 1.494184 0.4157597 0.1834445 1.480826 0.411463
42 -0.2067605 1.404077 0.3541611 -0.2840627 1.501441 0.3319924 -0.2686827 1.539273 0.4189665 -0.2404799 1.548141 0.4356399 -0.2063852 1.539279 0.4407057 -0.1783541 1.513175 0.4327444 -0.2685048 1.475138 0.3333828 -0.2567672 1.500112 0.4013329 -0.2333843 1.502941 0.4129913 -0.2067015 1.494184 0.4157598 -0.1834444 1.480826 0.4114631 0.2840628 1.501441 0.3319925 0.2686827 1.539273 0.4189663 0.2404801 1.548141 0.4356403 0.2063853 1.539279 0.4407058 0.178354 1.513174 0.4327441 0.2685049 1.475138 0.3333828 0.2567672 1.500112 0.4013328 0.2333844 1.502941 0.4129913 0.2067016 1.494184 0.4157597 0.1834445 1.480826 0.411463
43 -0.2067605 1.404077 0.3541611 -0.2840627 1.501441 0.3319924 -0.2686827 1.539273 0.4189665 -0.2404799 1.548141 0.4356399 -0.2063852 1.539279 0.4407057 -0.1783541 1.513175 0.4327444 -0.2685048 1.475138 0.3333828 -0.2567672 1.500112 0.4013329 -0.2333843 1.502941 0.4129913 -0.2067015 1.494184 0.4157598 -0.1834444 1.480826 0.4114631 0.2840628 1.501441 0.3319925 0.2686827 1.539273 0.4189663 0.2404801 1.548141 0.4356403 0.2063853 1.539279 0.4407058 0.178354 1.513174 0.4327441 0.2685049 1.475138 0.3333828 0.2567672 1.500112 0.4013328 0.2333844 1.502941 0.4129913 0.2067016 1.494184 0.4157597 0.1834445 1.480826 0.411463
44 -0.2067605 1.404077 0.3541611 -0.2840627 1.501441 0.3319924 -0.2686827 1.539273 0.4189665 -0.2404799 1.548141 0.4356399 -0.2063852 1.539279 0.4407057 -0.1783541 1.513175 0.4327444 -0.2685048 1.475138 0.3333828 -0.2567672 1.500112 0.4013329 -0.2333843 1.502941 0.4129913 -0.2067015 1.494184 0.4157598 -0.1834444 1.480826 0.4114631 0.2840628 1.501441 0.3319925 0.2686827 1.539273 0.4189663 0.2404801 1.548141 0.4356403 0.2063853 1.539279 0.4407058 0.178354 1.513174 0.4327441 0.2685049 1.475138 0.3333828 0.2567672 1.500112 0.4013328 0.2333844 1.502941 0.4129913 0.2067016 1.494184 0.4157597 0.1834445 1.480826 0.411463
45 -0.2067605 1.404077 0.3541611 -0.2840627 1.501441 0.3319924 -0.2686827 1.539273 0.4189665 -0.2404799 1.548141 0.4356399 -0.2063852 1.539279 0.4407057 -0.1783541 1.513175 0.4327444 -0.2685048 1.475138 0.3333828 -0.2567672 1.500112 0.4013329 -0.2333843 1.502941 0.4129913 -0.2067015 1.494184 0.4157598 -0.1834444 1.480826 0.4114631 0.2840628 1.501441 0.3319925 0.2686827 1.539273 0.4189663 0.2404801 1.548141 0.4356403 0.2063853 1.539279 0.4407058 0.178354 1.513174 0.4327441 0.2685049 1.475138 0.3333828 0.2567672 1.500112 0.4013328 0.2333844 1.502941 0.4129913 0.2067016 1.494184 0.4157597 0.1834445 1.480826 0.411463
46 -0.2067605 1.404077 0.3541611 -0.2840627 1.501441 0.3319924 -0.2686827 1.539273 0.4189665 -0.2404799 1.548141 0.4356399 -0.2063852 1.539279 0.4407057 -0.1783541 1.513175 0.4327444 -0.2685048 1.475138 0.3333828 -0.2567672 1.500112 0.4013329 -0.2333843 1.502941 0.4129913 -0.2067015 1.494184 0.4157598 -0.1834444 1.480826 0.4114631 0.2840628 1.501441 0.3319925 0.2686827 1.539273 0.4189663 0.2404801 1.548141 0.4356403 0.2063853 1.539279 0.4407058 0.178354 1.513174 0.4327441 0.2685049 1.475138 0.3333828 0.2567672 1.500112 0.4013328 0.2333844 1.502941 0.4129913 0.2067016 1.494184 0.4157597 0.1834445 1.480826 0.411463
47 -0.2067605 1.404077 0.3541611 -0.2840627 1.501441 0.3319924 -0.2686827 1.539273 0.4189665 -0.2404799 1.548141 0.4356399 -0.2063852 1.539279 0.4407057 -0.1783541 1.513175 0.4327444 -0.2685048 1.475138 0.3333828 -0.2567672 1.500112 0.4013329 -0.2333843 1.502941 0.4129913 -0.2067015 1.494184 0.4157598 -0.1834444 1.480826 0.4114631 0.2840628 1.501441 0.3319925 0.2686827 1.539273 0.4189663 0.2404801 1.548141 0.4356403 0.2063853 1.539279 0.4407058 0.178354 1.513174 0.4327441 0.2685049 1.475138 0.3333828 0.2567672 1.500112 0.4013328 0.2333844 1.502941 0.4129913 0.2067016 1.494184 0.4157597 0.1834445 1.480826 0.411463
48 -0.2067605 1.404077 0.3541611 -0.2840627 1.501441 0.3319924 -0.2686827 1.539273 0.4189665 -0.2404799 1.548141 0.4356399 -0.2063852 1.539279 0.4407057 -0.1783541 1.513175 0.4327444 -0.2685048 1.475138 0.3333828 -0.2567672 1.500112 0.4013329 -0.2333843 1.502941 0.4129913 -0.2067015 1.494184 0.4157598 -0.1834444 1.480826 0.4114631 0.2840628 1.501441 0.3319925 0.2686827 1.539273 0.4189663 0.2404801 1.548141 0.4356403 0.2063853 1.539279 0.4407058 0.178354 1.513174 0.4327441 0.2685049 1.475138 0.3333828 0.2567672 1.500112 0.4013328 0.2333844 1.502941 0.4129913 0.2067016 1.494184 0.4157597 0.1834445 1.480826 0.411463
49 -0.2067605 1.404077 0.3541611 -0.2840627 1.501441 0.3319924 -0.2686827 1.539273 0.4189665 -0.2404799 1.548141 0.4356399 -0.2063852 1.539279 0.4407057 -0.1783541 1.513175 0.4327444 -0.2685048 1.475138 0.3333828 -0.2567672 1.500112 0.4013329 -0.2333843 1.502941 0.4129913 -0.2067015 1.494184 0.4157598 -0.1834444 1.480826 0.4114631 0.2840628 1.501441 0.3319925 0.2686827 1.539273 0.4189663 0.2404801 1.548141 0.4356403 0.2063853 1.539279 0.4407058 0.178354 1.513174 0.4327441 0.2685049 1.475138 0.3333828 0.2567672 1.500112 0.4013328 0.2333844 1.502941 0.4129913 0.2067016 1.494184 0.4157597 0.1834445 1.480826 0.411463
50 -0.2067605 1.404077 0.3541611 -0.2840627 1.501441 0.3319924 -0.2686827 1.539273 0.4189665 -0.2404799 1.548141 0.4356399 -0.2063852 1.539279 0.4407057 -0.1783541 1.513175 0.4327444 -0.2685048 1.475138 0.3333828 -0.2567672 1.500112 0.4013329 -0.2333843 1.502941 0.4129913 -0.2067015 1.494184 0.4157598 -0.1834444 1.480826 0.4114631 0.2840628 1.501441 0.3319925 0.2686827 1.539273 0.4189663 0.2404801 1.548141 0.4356403 0.2063853 1.539279 0.4407058 0.178354 1.513174 0.4327441 0.2685049 1.475138 0.3333828 0.2567672 1.500112 0.4013328 0.2333844 1.502941 0.4129913 0.2067016 1.494184 0.4157597 0.1834445 1.480826 0.411463
51 -0.2067605 1.404077 0.3541611 -0.2840627 1.501441 0.3319924 -0.2686827 1.539273 0.4189665 -0.2404799 1.548141 0.4356399 -0.2063852 1.539279 0.4407057 -0.1783541 1.513175 0.4327444 -0.2685048 1.475138 0.3333828 -0.2567672 1.500112 0.4013329 -0.2333843 1.502941 0.4129913 -0.2067015 1.494184 0.4157598 -0.1834444 1.480826 0.4114631 0.2840628 1.501441 0.3319925 0.2686827 1.539273 0.4189663 0.2404801 1.548141 0.4356403 0.2063853 1.539279 0.4407058 0.178354 1.513174 0.4327441 0.2685049 1.475138 0.3333828 0.2567672 1.500112 0.4013328 0.2333844 1.502941 0.4129913 0.2067016 1.494184 0.4157597 0.1834445 1.480826 0.411463
52 -0.2067605 1.404077 0.3541611 -0.2840627 1.501441 0.3319924 -0.2686827 1.539273 0.4189665 -0.2404799 1.548141 0.4356399 -0.2063852 1.539279 0.4407057 -0.1783541 1.513175 0.4327444 -0.2685048 1.475138 0.3333828 -0.2567672 1.500112 0.4013329 -0.2333843 1.502941 0.4129913 -0.2067015 1.494184 0.4157598 -0.1834444 1.480826 0.4114631 0.2840628 1.501441 0.3319925 0.2686827 1.539273 0.4189663 0.2404801 1.548141 0.4356403 0.2063853 1.539279 0.4407058 0.178354 1.513174 0.4327441 0.2685049 1.475138 0.3333828 0.2567672 1.500112 0.4013328 0.2333844 1.502941 0.4129913 0.2067016 1.494184 0.4157597 0.1834445 1.480826 0.411463
53 -0.2067605 1.404077 0.3541611 -0.2840627 1.501441 0.3319924 -0.2686827 1.539273 0.4189665 -0.2404799 1.548141 0.4356399 -0.2063852 1.539279 0.4407057 -0.1783541 1.513175 0.4327444 -0.2685048 1.475138 0.3333828 -0.2567672 1.500112 0.4013329 -0.2333843 1.502941 0.4129913 -0.2067015 1.494184 0.4157598 -0.1834444 1.480826 0.4114631 0.2840628 1.501441 0.3319925 0.2686827 1.539273 0.4189663 0.2404801 1.548141 0.4356403 0.2063853 1.539279 0.4407058 0.178354 1.513174 0.4327441 0.2685049 1.475138 0.3333828 0.2567672 1.500112 0.4013328 0.2333844 1.502941 0.4129913 0.2067016 1.494184 0.4157597 0.1834445 1.480826 0.411463
54 -0.2067605 1.404077 0.3541611 -0.2840627 1.501441 0.3319924 -0.2686827 1.539273 0.4189665 -0.2404799 1.548141 0.4356399 -0.2063852 1.539279 0.4407057 -0.1783541 1.513175 0.4327444 -0.2685048 1.475138 0.3333828 -0.2567672 1.500112 0.4013329 -0.2333843 1.502941 0.4129913 -0.2067015 1.494184 0.4157598 -0.1834444 1.480826 0.4114631 0.2840628 1.501441 0.3319925 0.2686827 1.539273 0.4189663 0.2404801 1.548141 0.4356403 0.2063853 1.539279 0.4407058 0.178354 1.513174 0.4327441 0.2685049 1.475138 0.3333828 0.2567672 1.500112 0.4013328 0.2333844 1.502941 0.4129913 0.2067016 1.494184 0.4157597 0.1834445 1.480826 0.411463
